# oST version 5.0 parameters


[image]

width
640

height
480

[narrow_stereo]

camera matrix
415.916331 0.000000 319.966426
0.000000 415.862617 239.070593
0.000000 0.000000 1.000000

distortion
0.001518 0.000830 -0.000081 -0.000064 0.000000

rectification
1.000000 0.000000 0.000000
0.000000 1.000000 0.000000
0.000000 0.000000 1.000000

projection
416.826080 0.000000 319.910631 0.000000
0.000000 416.777191 239.019077 0.000000
0.000000 0.000000 1.000000 0.000000

